{
 "cells": [
  {
   "cell_type": "markdown",
   "metadata": {},
   "source": [
    "# SVM"
   ]
  },
  {
   "cell_type": "markdown",
   "metadata": {},
   "source": [
    "## 数据\n",
    "\n",
    "voice.csv\n",
    "\n",
    "- meanfreq: 平均频率 mean frequency (in kHz)\n",
    "- sd: 频率的标准偏差 standard deviation of frequency\n",
    "- median: 频率中位数 median frequency (in kHz)\n",
    "- Q25: 第一分位数 first quantile (in kHz)\n",
    "- Q75: 第三分位数 third quantile (in kHz)\n",
    "- IQR: 分位数范围 interquantile range (in kHz)\n",
    "- skew: 偏斜度 skewness (see note in specprop description)\n",
    "- kurt: 峰度 kurtosis (see note in specprop description)\n",
    "- sp.ent: 光谱熵 spectral entropy\n",
    "- sfm: 频谱平坦度 spectral flatness\n",
    "- mode: 模式频率 mode frequency\n",
    "- centroid: 频率中心子 frequency centroid (see specprop)\n",
    "- peakf: 峰值频率 peak frequency (frequency with highest energy)\n",
    "- meanfun: 整个声学信号的基本频率的平均值 average of fundamental frequency measured across acoustic signal\n",
    "- minfun: 整个声学信号的最小基频 minimum fundamental frequency measured across acoustic signal\n",
    "- maxfun: 整个声学信号的最大基频 maximum fundamental frequency measured across acoustic signal\n",
    "- meandom: 整个声学信号的主频平均值 average of dominant frequency measured across acoustic signal\n",
    "- mindom: 整个声学信号中测得的最小主频 minimum of dominant frequency measured across acoustic signal\n",
    "- maxdom: 整个声学信号中测得的最大主频 maximum of dominant frequency measured across acoustic signal\n",
    "- dfrange: 整个声音信号的主导频率范围 range of dominant frequency measured across acoustic signal\n",
    "- modindx: 调制指数。计算方式为相邻基频测量值之间的累计绝对差除以频率范围 modulation index. Calculated as the accumulated absolute difference between adjacent measurements of fundamental frequencies divided by the frequency range\n",
    "- label: 男声或女声 male or female"
   ]
  },
  {
   "cell_type": "code",
   "execution_count": 1,
   "metadata": {},
   "outputs": [],
   "source": [
    "import pandas as pd\n",
    "import numpy as np\n",
    "import matplotlib.pyplot as plt\n",
    "import seaborn as sns\n",
    "\n",
    "%matplotlib inline\n",
    "sns.set_style('whitegrid')"
   ]
  },
  {
   "cell_type": "code",
   "execution_count": 3,
   "metadata": {},
   "outputs": [
    {
     "data": {
      "text/html": [
       "<div>\n",
       "<style scoped>\n",
       "    .dataframe tbody tr th:only-of-type {\n",
       "        vertical-align: middle;\n",
       "    }\n",
       "\n",
       "    .dataframe tbody tr th {\n",
       "        vertical-align: top;\n",
       "    }\n",
       "\n",
       "    .dataframe thead th {\n",
       "        text-align: right;\n",
       "    }\n",
       "</style>\n",
       "<table border=\"1\" class=\"dataframe\">\n",
       "  <thead>\n",
       "    <tr style=\"text-align: right;\">\n",
       "      <th></th>\n",
       "      <th>meanfreq</th>\n",
       "      <th>sd</th>\n",
       "      <th>median</th>\n",
       "      <th>Q25</th>\n",
       "      <th>Q75</th>\n",
       "      <th>IQR</th>\n",
       "      <th>skew</th>\n",
       "      <th>kurt</th>\n",
       "      <th>sp.ent</th>\n",
       "      <th>sfm</th>\n",
       "      <th>...</th>\n",
       "      <th>centroid</th>\n",
       "      <th>meanfun</th>\n",
       "      <th>minfun</th>\n",
       "      <th>maxfun</th>\n",
       "      <th>meandom</th>\n",
       "      <th>mindom</th>\n",
       "      <th>maxdom</th>\n",
       "      <th>dfrange</th>\n",
       "      <th>modindx</th>\n",
       "      <th>label</th>\n",
       "    </tr>\n",
       "  </thead>\n",
       "  <tbody>\n",
       "    <tr>\n",
       "      <th>0</th>\n",
       "      <td>0.059781</td>\n",
       "      <td>0.064241</td>\n",
       "      <td>0.032027</td>\n",
       "      <td>0.015071</td>\n",
       "      <td>0.090193</td>\n",
       "      <td>0.075122</td>\n",
       "      <td>12.863462</td>\n",
       "      <td>274.402906</td>\n",
       "      <td>0.893369</td>\n",
       "      <td>0.491918</td>\n",
       "      <td>...</td>\n",
       "      <td>0.059781</td>\n",
       "      <td>0.084279</td>\n",
       "      <td>0.015702</td>\n",
       "      <td>0.275862</td>\n",
       "      <td>0.007812</td>\n",
       "      <td>0.007812</td>\n",
       "      <td>0.007812</td>\n",
       "      <td>0.000000</td>\n",
       "      <td>0.000000</td>\n",
       "      <td>male</td>\n",
       "    </tr>\n",
       "    <tr>\n",
       "      <th>1</th>\n",
       "      <td>0.066009</td>\n",
       "      <td>0.067310</td>\n",
       "      <td>0.040229</td>\n",
       "      <td>0.019414</td>\n",
       "      <td>0.092666</td>\n",
       "      <td>0.073252</td>\n",
       "      <td>22.423285</td>\n",
       "      <td>634.613855</td>\n",
       "      <td>0.892193</td>\n",
       "      <td>0.513724</td>\n",
       "      <td>...</td>\n",
       "      <td>0.066009</td>\n",
       "      <td>0.107937</td>\n",
       "      <td>0.015826</td>\n",
       "      <td>0.250000</td>\n",
       "      <td>0.009014</td>\n",
       "      <td>0.007812</td>\n",
       "      <td>0.054688</td>\n",
       "      <td>0.046875</td>\n",
       "      <td>0.052632</td>\n",
       "      <td>male</td>\n",
       "    </tr>\n",
       "    <tr>\n",
       "      <th>2</th>\n",
       "      <td>0.077316</td>\n",
       "      <td>0.083829</td>\n",
       "      <td>0.036718</td>\n",
       "      <td>0.008701</td>\n",
       "      <td>0.131908</td>\n",
       "      <td>0.123207</td>\n",
       "      <td>30.757155</td>\n",
       "      <td>1024.927705</td>\n",
       "      <td>0.846389</td>\n",
       "      <td>0.478905</td>\n",
       "      <td>...</td>\n",
       "      <td>0.077316</td>\n",
       "      <td>0.098706</td>\n",
       "      <td>0.015656</td>\n",
       "      <td>0.271186</td>\n",
       "      <td>0.007990</td>\n",
       "      <td>0.007812</td>\n",
       "      <td>0.015625</td>\n",
       "      <td>0.007812</td>\n",
       "      <td>0.046512</td>\n",
       "      <td>male</td>\n",
       "    </tr>\n",
       "    <tr>\n",
       "      <th>3</th>\n",
       "      <td>0.151228</td>\n",
       "      <td>0.072111</td>\n",
       "      <td>0.158011</td>\n",
       "      <td>0.096582</td>\n",
       "      <td>0.207955</td>\n",
       "      <td>0.111374</td>\n",
       "      <td>1.232831</td>\n",
       "      <td>4.177296</td>\n",
       "      <td>0.963322</td>\n",
       "      <td>0.727232</td>\n",
       "      <td>...</td>\n",
       "      <td>0.151228</td>\n",
       "      <td>0.088965</td>\n",
       "      <td>0.017798</td>\n",
       "      <td>0.250000</td>\n",
       "      <td>0.201497</td>\n",
       "      <td>0.007812</td>\n",
       "      <td>0.562500</td>\n",
       "      <td>0.554688</td>\n",
       "      <td>0.247119</td>\n",
       "      <td>male</td>\n",
       "    </tr>\n",
       "    <tr>\n",
       "      <th>4</th>\n",
       "      <td>0.132786</td>\n",
       "      <td>0.079557</td>\n",
       "      <td>0.119090</td>\n",
       "      <td>0.067958</td>\n",
       "      <td>0.209592</td>\n",
       "      <td>0.141634</td>\n",
       "      <td>1.932562</td>\n",
       "      <td>8.308895</td>\n",
       "      <td>0.963181</td>\n",
       "      <td>0.738307</td>\n",
       "      <td>...</td>\n",
       "      <td>0.132786</td>\n",
       "      <td>0.110132</td>\n",
       "      <td>0.017112</td>\n",
       "      <td>0.253968</td>\n",
       "      <td>0.298222</td>\n",
       "      <td>0.007812</td>\n",
       "      <td>2.726562</td>\n",
       "      <td>2.718750</td>\n",
       "      <td>0.125160</td>\n",
       "      <td>male</td>\n",
       "    </tr>\n",
       "  </tbody>\n",
       "</table>\n",
       "<p>5 rows × 21 columns</p>\n",
       "</div>"
      ],
      "text/plain": [
       "   meanfreq        sd    median       Q25       Q75       IQR       skew  \\\n",
       "0  0.059781  0.064241  0.032027  0.015071  0.090193  0.075122  12.863462   \n",
       "1  0.066009  0.067310  0.040229  0.019414  0.092666  0.073252  22.423285   \n",
       "2  0.077316  0.083829  0.036718  0.008701  0.131908  0.123207  30.757155   \n",
       "3  0.151228  0.072111  0.158011  0.096582  0.207955  0.111374   1.232831   \n",
       "4  0.132786  0.079557  0.119090  0.067958  0.209592  0.141634   1.932562   \n",
       "\n",
       "          kurt    sp.ent       sfm  ...  centroid   meanfun    minfun  \\\n",
       "0   274.402906  0.893369  0.491918  ...  0.059781  0.084279  0.015702   \n",
       "1   634.613855  0.892193  0.513724  ...  0.066009  0.107937  0.015826   \n",
       "2  1024.927705  0.846389  0.478905  ...  0.077316  0.098706  0.015656   \n",
       "3     4.177296  0.963322  0.727232  ...  0.151228  0.088965  0.017798   \n",
       "4     8.308895  0.963181  0.738307  ...  0.132786  0.110132  0.017112   \n",
       "\n",
       "     maxfun   meandom    mindom    maxdom   dfrange   modindx  label  \n",
       "0  0.275862  0.007812  0.007812  0.007812  0.000000  0.000000   male  \n",
       "1  0.250000  0.009014  0.007812  0.054688  0.046875  0.052632   male  \n",
       "2  0.271186  0.007990  0.007812  0.015625  0.007812  0.046512   male  \n",
       "3  0.250000  0.201497  0.007812  0.562500  0.554688  0.247119   male  \n",
       "4  0.253968  0.298222  0.007812  2.726562  2.718750  0.125160   male  \n",
       "\n",
       "[5 rows x 21 columns]"
      ]
     },
     "execution_count": 3,
     "metadata": {},
     "output_type": "execute_result"
    }
   ],
   "source": [
    "df = pd.read_csv('../data/Voicegender/train.csv')\n",
    "df.head()"
   ]
  },
  {
   "cell_type": "code",
   "execution_count": 4,
   "metadata": {},
   "outputs": [
    {
     "data": {
      "text/html": [
       "<div>\n",
       "<style scoped>\n",
       "    .dataframe tbody tr th:only-of-type {\n",
       "        vertical-align: middle;\n",
       "    }\n",
       "\n",
       "    .dataframe tbody tr th {\n",
       "        vertical-align: top;\n",
       "    }\n",
       "\n",
       "    .dataframe thead th {\n",
       "        text-align: right;\n",
       "    }\n",
       "</style>\n",
       "<table border=\"1\" class=\"dataframe\">\n",
       "  <thead>\n",
       "    <tr style=\"text-align: right;\">\n",
       "      <th></th>\n",
       "      <th>meanfreq</th>\n",
       "      <th>sd</th>\n",
       "      <th>median</th>\n",
       "      <th>Q25</th>\n",
       "      <th>Q75</th>\n",
       "      <th>IQR</th>\n",
       "      <th>skew</th>\n",
       "      <th>kurt</th>\n",
       "      <th>sp.ent</th>\n",
       "      <th>sfm</th>\n",
       "      <th>mode</th>\n",
       "      <th>centroid</th>\n",
       "      <th>meanfun</th>\n",
       "      <th>minfun</th>\n",
       "      <th>maxfun</th>\n",
       "      <th>meandom</th>\n",
       "      <th>mindom</th>\n",
       "      <th>maxdom</th>\n",
       "      <th>dfrange</th>\n",
       "      <th>modindx</th>\n",
       "    </tr>\n",
       "  </thead>\n",
       "  <tbody>\n",
       "    <tr>\n",
       "      <th>meanfreq</th>\n",
       "      <td>1.000000</td>\n",
       "      <td>-0.740862</td>\n",
       "      <td>0.924586</td>\n",
       "      <td>0.911905</td>\n",
       "      <td>0.739007</td>\n",
       "      <td>-0.631235</td>\n",
       "      <td>-0.326780</td>\n",
       "      <td>-0.320749</td>\n",
       "      <td>-0.604083</td>\n",
       "      <td>-0.785367</td>\n",
       "      <td>0.679604</td>\n",
       "      <td>1.000000</td>\n",
       "      <td>0.462932</td>\n",
       "      <td>0.385012</td>\n",
       "      <td>0.278198</td>\n",
       "      <td>0.545891</td>\n",
       "      <td>0.226595</td>\n",
       "      <td>0.527042</td>\n",
       "      <td>0.523053</td>\n",
       "      <td>-0.220620</td>\n",
       "    </tr>\n",
       "    <tr>\n",
       "      <th>sd</th>\n",
       "      <td>-0.740862</td>\n",
       "      <td>1.000000</td>\n",
       "      <td>-0.560907</td>\n",
       "      <td>-0.847997</td>\n",
       "      <td>-0.161680</td>\n",
       "      <td>0.875425</td>\n",
       "      <td>0.312513</td>\n",
       "      <td>0.345591</td>\n",
       "      <td>0.719952</td>\n",
       "      <td>0.839280</td>\n",
       "      <td>-0.525339</td>\n",
       "      <td>-0.740862</td>\n",
       "      <td>-0.465116</td>\n",
       "      <td>-0.347228</td>\n",
       "      <td>-0.137553</td>\n",
       "      <td>-0.486620</td>\n",
       "      <td>-0.355168</td>\n",
       "      <td>-0.487645</td>\n",
       "      <td>-0.481363</td>\n",
       "      <td>0.124858</td>\n",
       "    </tr>\n",
       "    <tr>\n",
       "      <th>median</th>\n",
       "      <td>0.924586</td>\n",
       "      <td>-0.560907</td>\n",
       "      <td>1.000000</td>\n",
       "      <td>0.772947</td>\n",
       "      <td>0.732444</td>\n",
       "      <td>-0.476844</td>\n",
       "      <td>-0.262364</td>\n",
       "      <td>-0.247859</td>\n",
       "      <td>-0.504098</td>\n",
       "      <td>-0.660801</td>\n",
       "      <td>0.665973</td>\n",
       "      <td>0.924586</td>\n",
       "      <td>0.421571</td>\n",
       "      <td>0.339869</td>\n",
       "      <td>0.255688</td>\n",
       "      <td>0.465587</td>\n",
       "      <td>0.187456</td>\n",
       "      <td>0.445599</td>\n",
       "      <td>0.442300</td>\n",
       "      <td>-0.217181</td>\n",
       "    </tr>\n",
       "    <tr>\n",
       "      <th>Q25</th>\n",
       "      <td>0.911905</td>\n",
       "      <td>-0.847997</td>\n",
       "      <td>0.772947</td>\n",
       "      <td>1.000000</td>\n",
       "      <td>0.475910</td>\n",
       "      <td>-0.875792</td>\n",
       "      <td>-0.317826</td>\n",
       "      <td>-0.349737</td>\n",
       "      <td>-0.651936</td>\n",
       "      <td>-0.767014</td>\n",
       "      <td>0.583868</td>\n",
       "      <td>0.911905</td>\n",
       "      <td>0.541910</td>\n",
       "      <td>0.318819</td>\n",
       "      <td>0.204395</td>\n",
       "      <td>0.472751</td>\n",
       "      <td>0.298141</td>\n",
       "      <td>0.465543</td>\n",
       "      <td>0.460275</td>\n",
       "      <td>-0.146938</td>\n",
       "    </tr>\n",
       "    <tr>\n",
       "      <th>Q75</th>\n",
       "      <td>0.739007</td>\n",
       "      <td>-0.161680</td>\n",
       "      <td>0.732444</td>\n",
       "      <td>0.475910</td>\n",
       "      <td>1.000000</td>\n",
       "      <td>0.007723</td>\n",
       "      <td>-0.217613</td>\n",
       "      <td>-0.158668</td>\n",
       "      <td>-0.172339</td>\n",
       "      <td>-0.378185</td>\n",
       "      <td>0.480454</td>\n",
       "      <td>0.739007</td>\n",
       "      <td>0.157915</td>\n",
       "      <td>0.262073</td>\n",
       "      <td>0.285877</td>\n",
       "      <td>0.370389</td>\n",
       "      <td>-0.025143</td>\n",
       "      <td>0.341331</td>\n",
       "      <td>0.341808</td>\n",
       "      <td>-0.216463</td>\n",
       "    </tr>\n",
       "    <tr>\n",
       "      <th>IQR</th>\n",
       "      <td>-0.631235</td>\n",
       "      <td>0.875425</td>\n",
       "      <td>-0.476844</td>\n",
       "      <td>-0.875792</td>\n",
       "      <td>0.007723</td>\n",
       "      <td>1.000000</td>\n",
       "      <td>0.241931</td>\n",
       "      <td>0.310564</td>\n",
       "      <td>0.646657</td>\n",
       "      <td>0.664525</td>\n",
       "      <td>-0.400164</td>\n",
       "      <td>-0.631235</td>\n",
       "      <td>-0.529475</td>\n",
       "      <td>-0.218660</td>\n",
       "      <td>-0.075497</td>\n",
       "      <td>-0.334231</td>\n",
       "      <td>-0.352781</td>\n",
       "      <td>-0.341984</td>\n",
       "      <td>-0.335732</td>\n",
       "      <td>0.048266</td>\n",
       "    </tr>\n",
       "    <tr>\n",
       "      <th>skew</th>\n",
       "      <td>-0.326780</td>\n",
       "      <td>0.312513</td>\n",
       "      <td>-0.262364</td>\n",
       "      <td>-0.317826</td>\n",
       "      <td>-0.217613</td>\n",
       "      <td>0.241931</td>\n",
       "      <td>1.000000</td>\n",
       "      <td>0.977111</td>\n",
       "      <td>-0.197473</td>\n",
       "      <td>0.080616</td>\n",
       "      <td>-0.435028</td>\n",
       "      <td>-0.326780</td>\n",
       "      <td>-0.167542</td>\n",
       "      <td>-0.218127</td>\n",
       "      <td>-0.080084</td>\n",
       "      <td>-0.334428</td>\n",
       "      <td>-0.060017</td>\n",
       "      <td>-0.302840</td>\n",
       "      <td>-0.301797</td>\n",
       "      <td>-0.165210</td>\n",
       "    </tr>\n",
       "    <tr>\n",
       "      <th>kurt</th>\n",
       "      <td>-0.320749</td>\n",
       "      <td>0.345591</td>\n",
       "      <td>-0.247859</td>\n",
       "      <td>-0.349737</td>\n",
       "      <td>-0.158668</td>\n",
       "      <td>0.310564</td>\n",
       "      <td>0.977111</td>\n",
       "      <td>1.000000</td>\n",
       "      <td>-0.129278</td>\n",
       "      <td>0.110918</td>\n",
       "      <td>-0.407479</td>\n",
       "      <td>-0.320749</td>\n",
       "      <td>-0.193899</td>\n",
       "      <td>-0.205262</td>\n",
       "      <td>-0.042962</td>\n",
       "      <td>-0.301858</td>\n",
       "      <td>-0.102946</td>\n",
       "      <td>-0.272653</td>\n",
       "      <td>-0.270844</td>\n",
       "      <td>-0.202704</td>\n",
       "    </tr>\n",
       "    <tr>\n",
       "      <th>sp.ent</th>\n",
       "      <td>-0.604083</td>\n",
       "      <td>0.719952</td>\n",
       "      <td>-0.504098</td>\n",
       "      <td>-0.651936</td>\n",
       "      <td>-0.172339</td>\n",
       "      <td>0.646657</td>\n",
       "      <td>-0.197473</td>\n",
       "      <td>-0.129278</td>\n",
       "      <td>1.000000</td>\n",
       "      <td>0.865195</td>\n",
       "      <td>-0.326759</td>\n",
       "      <td>-0.604083</td>\n",
       "      <td>-0.514488</td>\n",
       "      <td>-0.310217</td>\n",
       "      <td>-0.129183</td>\n",
       "      <td>-0.303971</td>\n",
       "      <td>-0.292655</td>\n",
       "      <td>-0.335252</td>\n",
       "      <td>-0.330070</td>\n",
       "      <td>0.198656</td>\n",
       "    </tr>\n",
       "    <tr>\n",
       "      <th>sfm</th>\n",
       "      <td>-0.785367</td>\n",
       "      <td>0.839280</td>\n",
       "      <td>-0.660801</td>\n",
       "      <td>-0.767014</td>\n",
       "      <td>-0.378185</td>\n",
       "      <td>0.664525</td>\n",
       "      <td>0.080616</td>\n",
       "      <td>0.110918</td>\n",
       "      <td>0.865195</td>\n",
       "      <td>1.000000</td>\n",
       "      <td>-0.482655</td>\n",
       "      <td>-0.785367</td>\n",
       "      <td>-0.420026</td>\n",
       "      <td>-0.367733</td>\n",
       "      <td>-0.201550</td>\n",
       "      <td>-0.435073</td>\n",
       "      <td>-0.287316</td>\n",
       "      <td>-0.443489</td>\n",
       "      <td>-0.438412</td>\n",
       "      <td>0.213238</td>\n",
       "    </tr>\n",
       "    <tr>\n",
       "      <th>mode</th>\n",
       "      <td>0.679604</td>\n",
       "      <td>-0.525339</td>\n",
       "      <td>0.665973</td>\n",
       "      <td>0.583868</td>\n",
       "      <td>0.480454</td>\n",
       "      <td>-0.400164</td>\n",
       "      <td>-0.435028</td>\n",
       "      <td>-0.407479</td>\n",
       "      <td>-0.326759</td>\n",
       "      <td>-0.482655</td>\n",
       "      <td>1.000000</td>\n",
       "      <td>0.679604</td>\n",
       "      <td>0.323629</td>\n",
       "      <td>0.385311</td>\n",
       "      <td>0.177438</td>\n",
       "      <td>0.488800</td>\n",
       "      <td>0.198347</td>\n",
       "      <td>0.478709</td>\n",
       "      <td>0.475219</td>\n",
       "      <td>-0.187832</td>\n",
       "    </tr>\n",
       "    <tr>\n",
       "      <th>centroid</th>\n",
       "      <td>1.000000</td>\n",
       "      <td>-0.740862</td>\n",
       "      <td>0.924586</td>\n",
       "      <td>0.911905</td>\n",
       "      <td>0.739007</td>\n",
       "      <td>-0.631235</td>\n",
       "      <td>-0.326780</td>\n",
       "      <td>-0.320749</td>\n",
       "      <td>-0.604083</td>\n",
       "      <td>-0.785367</td>\n",
       "      <td>0.679604</td>\n",
       "      <td>1.000000</td>\n",
       "      <td>0.462932</td>\n",
       "      <td>0.385012</td>\n",
       "      <td>0.278198</td>\n",
       "      <td>0.545891</td>\n",
       "      <td>0.226595</td>\n",
       "      <td>0.527042</td>\n",
       "      <td>0.523053</td>\n",
       "      <td>-0.220620</td>\n",
       "    </tr>\n",
       "    <tr>\n",
       "      <th>meanfun</th>\n",
       "      <td>0.462932</td>\n",
       "      <td>-0.465116</td>\n",
       "      <td>0.421571</td>\n",
       "      <td>0.541910</td>\n",
       "      <td>0.157915</td>\n",
       "      <td>-0.529475</td>\n",
       "      <td>-0.167542</td>\n",
       "      <td>-0.193899</td>\n",
       "      <td>-0.514488</td>\n",
       "      <td>-0.420026</td>\n",
       "      <td>0.323629</td>\n",
       "      <td>0.462932</td>\n",
       "      <td>1.000000</td>\n",
       "      <td>0.333194</td>\n",
       "      <td>0.317650</td>\n",
       "      <td>0.266232</td>\n",
       "      <td>0.161823</td>\n",
       "      <td>0.274266</td>\n",
       "      <td>0.271408</td>\n",
       "      <td>-0.051124</td>\n",
       "    </tr>\n",
       "    <tr>\n",
       "      <th>minfun</th>\n",
       "      <td>0.385012</td>\n",
       "      <td>-0.347228</td>\n",
       "      <td>0.339869</td>\n",
       "      <td>0.318819</td>\n",
       "      <td>0.262073</td>\n",
       "      <td>-0.218660</td>\n",
       "      <td>-0.218127</td>\n",
       "      <td>-0.205262</td>\n",
       "      <td>-0.310217</td>\n",
       "      <td>-0.367733</td>\n",
       "      <td>0.385311</td>\n",
       "      <td>0.385012</td>\n",
       "      <td>0.333194</td>\n",
       "      <td>1.000000</td>\n",
       "      <td>0.214185</td>\n",
       "      <td>0.365159</td>\n",
       "      <td>0.083439</td>\n",
       "      <td>0.305732</td>\n",
       "      <td>0.304273</td>\n",
       "      <td>0.012702</td>\n",
       "    </tr>\n",
       "    <tr>\n",
       "      <th>maxfun</th>\n",
       "      <td>0.278198</td>\n",
       "      <td>-0.137553</td>\n",
       "      <td>0.255688</td>\n",
       "      <td>0.204395</td>\n",
       "      <td>0.285877</td>\n",
       "      <td>-0.075497</td>\n",
       "      <td>-0.080084</td>\n",
       "      <td>-0.042962</td>\n",
       "      <td>-0.129183</td>\n",
       "      <td>-0.201550</td>\n",
       "      <td>0.177438</td>\n",
       "      <td>0.278198</td>\n",
       "      <td>0.317650</td>\n",
       "      <td>0.214185</td>\n",
       "      <td>1.000000</td>\n",
       "      <td>0.339172</td>\n",
       "      <td>-0.246637</td>\n",
       "      <td>0.357571</td>\n",
       "      <td>0.361993</td>\n",
       "      <td>-0.358745</td>\n",
       "    </tr>\n",
       "    <tr>\n",
       "      <th>meandom</th>\n",
       "      <td>0.545891</td>\n",
       "      <td>-0.486620</td>\n",
       "      <td>0.465587</td>\n",
       "      <td>0.472751</td>\n",
       "      <td>0.370389</td>\n",
       "      <td>-0.334231</td>\n",
       "      <td>-0.334428</td>\n",
       "      <td>-0.301858</td>\n",
       "      <td>-0.303971</td>\n",
       "      <td>-0.435073</td>\n",
       "      <td>0.488800</td>\n",
       "      <td>0.545891</td>\n",
       "      <td>0.266232</td>\n",
       "      <td>0.365159</td>\n",
       "      <td>0.339172</td>\n",
       "      <td>1.000000</td>\n",
       "      <td>0.085678</td>\n",
       "      <td>0.812031</td>\n",
       "      <td>0.810576</td>\n",
       "      <td>-0.180812</td>\n",
       "    </tr>\n",
       "    <tr>\n",
       "      <th>mindom</th>\n",
       "      <td>0.226595</td>\n",
       "      <td>-0.355168</td>\n",
       "      <td>0.187456</td>\n",
       "      <td>0.298141</td>\n",
       "      <td>-0.025143</td>\n",
       "      <td>-0.352781</td>\n",
       "      <td>-0.060017</td>\n",
       "      <td>-0.102946</td>\n",
       "      <td>-0.292655</td>\n",
       "      <td>-0.287316</td>\n",
       "      <td>0.198347</td>\n",
       "      <td>0.226595</td>\n",
       "      <td>0.161823</td>\n",
       "      <td>0.083439</td>\n",
       "      <td>-0.246637</td>\n",
       "      <td>0.085678</td>\n",
       "      <td>1.000000</td>\n",
       "      <td>0.013765</td>\n",
       "      <td>-0.004039</td>\n",
       "      <td>0.211971</td>\n",
       "    </tr>\n",
       "    <tr>\n",
       "      <th>maxdom</th>\n",
       "      <td>0.527042</td>\n",
       "      <td>-0.487645</td>\n",
       "      <td>0.445599</td>\n",
       "      <td>0.465543</td>\n",
       "      <td>0.341331</td>\n",
       "      <td>-0.341984</td>\n",
       "      <td>-0.302840</td>\n",
       "      <td>-0.272653</td>\n",
       "      <td>-0.335252</td>\n",
       "      <td>-0.443489</td>\n",
       "      <td>0.478709</td>\n",
       "      <td>0.527042</td>\n",
       "      <td>0.274266</td>\n",
       "      <td>0.305732</td>\n",
       "      <td>0.357571</td>\n",
       "      <td>0.812031</td>\n",
       "      <td>0.013765</td>\n",
       "      <td>1.000000</td>\n",
       "      <td>0.999842</td>\n",
       "      <td>-0.422670</td>\n",
       "    </tr>\n",
       "    <tr>\n",
       "      <th>dfrange</th>\n",
       "      <td>0.523053</td>\n",
       "      <td>-0.481363</td>\n",
       "      <td>0.442300</td>\n",
       "      <td>0.460275</td>\n",
       "      <td>0.341808</td>\n",
       "      <td>-0.335732</td>\n",
       "      <td>-0.301797</td>\n",
       "      <td>-0.270844</td>\n",
       "      <td>-0.330070</td>\n",
       "      <td>-0.438412</td>\n",
       "      <td>0.475219</td>\n",
       "      <td>0.523053</td>\n",
       "      <td>0.271408</td>\n",
       "      <td>0.304273</td>\n",
       "      <td>0.361993</td>\n",
       "      <td>0.810576</td>\n",
       "      <td>-0.004039</td>\n",
       "      <td>0.999842</td>\n",
       "      <td>1.000000</td>\n",
       "      <td>-0.426481</td>\n",
       "    </tr>\n",
       "    <tr>\n",
       "      <th>modindx</th>\n",
       "      <td>-0.220620</td>\n",
       "      <td>0.124858</td>\n",
       "      <td>-0.217181</td>\n",
       "      <td>-0.146938</td>\n",
       "      <td>-0.216463</td>\n",
       "      <td>0.048266</td>\n",
       "      <td>-0.165210</td>\n",
       "      <td>-0.202704</td>\n",
       "      <td>0.198656</td>\n",
       "      <td>0.213238</td>\n",
       "      <td>-0.187832</td>\n",
       "      <td>-0.220620</td>\n",
       "      <td>-0.051124</td>\n",
       "      <td>0.012702</td>\n",
       "      <td>-0.358745</td>\n",
       "      <td>-0.180812</td>\n",
       "      <td>0.211971</td>\n",
       "      <td>-0.422670</td>\n",
       "      <td>-0.426481</td>\n",
       "      <td>1.000000</td>\n",
       "    </tr>\n",
       "  </tbody>\n",
       "</table>\n",
       "</div>"
      ],
      "text/plain": [
       "          meanfreq        sd    median       Q25       Q75       IQR  \\\n",
       "meanfreq  1.000000 -0.740862  0.924586  0.911905  0.739007 -0.631235   \n",
       "sd       -0.740862  1.000000 -0.560907 -0.847997 -0.161680  0.875425   \n",
       "median    0.924586 -0.560907  1.000000  0.772947  0.732444 -0.476844   \n",
       "Q25       0.911905 -0.847997  0.772947  1.000000  0.475910 -0.875792   \n",
       "Q75       0.739007 -0.161680  0.732444  0.475910  1.000000  0.007723   \n",
       "IQR      -0.631235  0.875425 -0.476844 -0.875792  0.007723  1.000000   \n",
       "skew     -0.326780  0.312513 -0.262364 -0.317826 -0.217613  0.241931   \n",
       "kurt     -0.320749  0.345591 -0.247859 -0.349737 -0.158668  0.310564   \n",
       "sp.ent   -0.604083  0.719952 -0.504098 -0.651936 -0.172339  0.646657   \n",
       "sfm      -0.785367  0.839280 -0.660801 -0.767014 -0.378185  0.664525   \n",
       "mode      0.679604 -0.525339  0.665973  0.583868  0.480454 -0.400164   \n",
       "centroid  1.000000 -0.740862  0.924586  0.911905  0.739007 -0.631235   \n",
       "meanfun   0.462932 -0.465116  0.421571  0.541910  0.157915 -0.529475   \n",
       "minfun    0.385012 -0.347228  0.339869  0.318819  0.262073 -0.218660   \n",
       "maxfun    0.278198 -0.137553  0.255688  0.204395  0.285877 -0.075497   \n",
       "meandom   0.545891 -0.486620  0.465587  0.472751  0.370389 -0.334231   \n",
       "mindom    0.226595 -0.355168  0.187456  0.298141 -0.025143 -0.352781   \n",
       "maxdom    0.527042 -0.487645  0.445599  0.465543  0.341331 -0.341984   \n",
       "dfrange   0.523053 -0.481363  0.442300  0.460275  0.341808 -0.335732   \n",
       "modindx  -0.220620  0.124858 -0.217181 -0.146938 -0.216463  0.048266   \n",
       "\n",
       "              skew      kurt    sp.ent       sfm      mode  centroid  \\\n",
       "meanfreq -0.326780 -0.320749 -0.604083 -0.785367  0.679604  1.000000   \n",
       "sd        0.312513  0.345591  0.719952  0.839280 -0.525339 -0.740862   \n",
       "median   -0.262364 -0.247859 -0.504098 -0.660801  0.665973  0.924586   \n",
       "Q25      -0.317826 -0.349737 -0.651936 -0.767014  0.583868  0.911905   \n",
       "Q75      -0.217613 -0.158668 -0.172339 -0.378185  0.480454  0.739007   \n",
       "IQR       0.241931  0.310564  0.646657  0.664525 -0.400164 -0.631235   \n",
       "skew      1.000000  0.977111 -0.197473  0.080616 -0.435028 -0.326780   \n",
       "kurt      0.977111  1.000000 -0.129278  0.110918 -0.407479 -0.320749   \n",
       "sp.ent   -0.197473 -0.129278  1.000000  0.865195 -0.326759 -0.604083   \n",
       "sfm       0.080616  0.110918  0.865195  1.000000 -0.482655 -0.785367   \n",
       "mode     -0.435028 -0.407479 -0.326759 -0.482655  1.000000  0.679604   \n",
       "centroid -0.326780 -0.320749 -0.604083 -0.785367  0.679604  1.000000   \n",
       "meanfun  -0.167542 -0.193899 -0.514488 -0.420026  0.323629  0.462932   \n",
       "minfun   -0.218127 -0.205262 -0.310217 -0.367733  0.385311  0.385012   \n",
       "maxfun   -0.080084 -0.042962 -0.129183 -0.201550  0.177438  0.278198   \n",
       "meandom  -0.334428 -0.301858 -0.303971 -0.435073  0.488800  0.545891   \n",
       "mindom   -0.060017 -0.102946 -0.292655 -0.287316  0.198347  0.226595   \n",
       "maxdom   -0.302840 -0.272653 -0.335252 -0.443489  0.478709  0.527042   \n",
       "dfrange  -0.301797 -0.270844 -0.330070 -0.438412  0.475219  0.523053   \n",
       "modindx  -0.165210 -0.202704  0.198656  0.213238 -0.187832 -0.220620   \n",
       "\n",
       "           meanfun    minfun    maxfun   meandom    mindom    maxdom  \\\n",
       "meanfreq  0.462932  0.385012  0.278198  0.545891  0.226595  0.527042   \n",
       "sd       -0.465116 -0.347228 -0.137553 -0.486620 -0.355168 -0.487645   \n",
       "median    0.421571  0.339869  0.255688  0.465587  0.187456  0.445599   \n",
       "Q25       0.541910  0.318819  0.204395  0.472751  0.298141  0.465543   \n",
       "Q75       0.157915  0.262073  0.285877  0.370389 -0.025143  0.341331   \n",
       "IQR      -0.529475 -0.218660 -0.075497 -0.334231 -0.352781 -0.341984   \n",
       "skew     -0.167542 -0.218127 -0.080084 -0.334428 -0.060017 -0.302840   \n",
       "kurt     -0.193899 -0.205262 -0.042962 -0.301858 -0.102946 -0.272653   \n",
       "sp.ent   -0.514488 -0.310217 -0.129183 -0.303971 -0.292655 -0.335252   \n",
       "sfm      -0.420026 -0.367733 -0.201550 -0.435073 -0.287316 -0.443489   \n",
       "mode      0.323629  0.385311  0.177438  0.488800  0.198347  0.478709   \n",
       "centroid  0.462932  0.385012  0.278198  0.545891  0.226595  0.527042   \n",
       "meanfun   1.000000  0.333194  0.317650  0.266232  0.161823  0.274266   \n",
       "minfun    0.333194  1.000000  0.214185  0.365159  0.083439  0.305732   \n",
       "maxfun    0.317650  0.214185  1.000000  0.339172 -0.246637  0.357571   \n",
       "meandom   0.266232  0.365159  0.339172  1.000000  0.085678  0.812031   \n",
       "mindom    0.161823  0.083439 -0.246637  0.085678  1.000000  0.013765   \n",
       "maxdom    0.274266  0.305732  0.357571  0.812031  0.013765  1.000000   \n",
       "dfrange   0.271408  0.304273  0.361993  0.810576 -0.004039  0.999842   \n",
       "modindx  -0.051124  0.012702 -0.358745 -0.180812  0.211971 -0.422670   \n",
       "\n",
       "           dfrange   modindx  \n",
       "meanfreq  0.523053 -0.220620  \n",
       "sd       -0.481363  0.124858  \n",
       "median    0.442300 -0.217181  \n",
       "Q25       0.460275 -0.146938  \n",
       "Q75       0.341808 -0.216463  \n",
       "IQR      -0.335732  0.048266  \n",
       "skew     -0.301797 -0.165210  \n",
       "kurt     -0.270844 -0.202704  \n",
       "sp.ent   -0.330070  0.198656  \n",
       "sfm      -0.438412  0.213238  \n",
       "mode      0.475219 -0.187832  \n",
       "centroid  0.523053 -0.220620  \n",
       "meanfun   0.271408 -0.051124  \n",
       "minfun    0.304273  0.012702  \n",
       "maxfun    0.361993 -0.358745  \n",
       "meandom   0.810576 -0.180812  \n",
       "mindom   -0.004039  0.211971  \n",
       "maxdom    0.999842 -0.422670  \n",
       "dfrange   1.000000 -0.426481  \n",
       "modindx  -0.426481  1.000000  "
      ]
     },
     "execution_count": 4,
     "metadata": {},
     "output_type": "execute_result"
    }
   ],
   "source": [
    "df.corr()"
   ]
  },
  {
   "cell_type": "code",
   "execution_count": 5,
   "metadata": {},
   "outputs": [
    {
     "data": {
      "text/plain": [
       "<AxesSubplot:>"
      ]
     },
     "execution_count": 5,
     "metadata": {},
     "output_type": "execute_result"
    },
    {
     "data": {
