{
 "cells": [
  {
   "cell_type": "code",
   "execution_count": 1,
   "metadata": {},
   "outputs": [],
   "source": [
    "import pandas as pd\n",
    "import numpy as np\n",
    "import matplotlib.pyplot as plt\n",
    "import seaborn as sns\n",
    "from sklearn.model_selection import cross_val_score, train_test_split\n",
    "from sklearn.preprocessing import StandardScaler\n",
    "from sklearn import metrics\n",
    "from sklearn.svm import SVC\n",
    "from sklearn.model_selection import GridSearchCV\n",
    "%matplotlib inline\n",
    "df = pd.read_csv('voice.csv')"
   ]
  },
  {
   "cell_type": "code",
   "execution_count": 2,
   "metadata": {},
   "outputs": [
    {
     "name": "stdout",
     "output_type": "stream",
     "text": [
      "<class 'pandas.core.frame.DataFrame'>\n",
      "RangeIndex: 2535 entries, 0 to 2534\n",
      "Data columns (total 21 columns):\n",
      " #   Column    Non-Null Count  Dtype  \n",
      "---  ------    --------------  -----  \n",
      " 0   meanfreq  2535 non-null   float64\n",
      " 1   sd        2535 non-null   float64\n",
      " 2   median    2535 non-null   float64\n",
      " 3   Q25       2535 non-null   float64\n",
      " 4   Q75       2535 non-null   float64\n",
      " 5   IQR       2535 non-null   float64\n",
      " 6   skew      2535 non-null   float64\n",
      " 7   kurt      2535 non-null   float64\n",
      " 8   sp.ent    2535 non-null   float64\n",
      " 9   sfm       2535 non-null   float64\n",
      " 10  mode      2535 non-null   float64\n",
      " 11  centroid  2535 non-null   float64\n",
      " 12  meanfun   2535 non-null   float64\n",
      " 13  minfun    2535 non-null   float64\n",
      " 14  maxfun    2535 non-null   float64\n",
      " 15  meandom   2535 non-null   float64\n",
      " 16  mindom    2535 non-null   float64\n",
      " 17  maxdom    2535 non-null   float64\n",
      " 18  dfrange   2535 non-null   float64\n",
      " 19  modindx   2535 non-null   float64\n",
      " 20  label     2535 non-null   object \n",
      "dtypes: float64(20), object(1)\n",
      "memory usage: 416.0+ KB\n"
     ]
    }
   ],
   "source": [
    "df.info()"
   ]
  },
  {
   "cell_type": "code",
   "execution_count": 4,
   "metadata": {},
   "outputs": [
    {
     "data": {
      "text/html": [
       "<div>\n",
       "<style scoped>\n",
       "    .dataframe tbody tr th:only-of-type {\n",
       "        vertical-align: middle;\n",
       "    }\n",
       "\n",
       "    .dataframe tbody tr th {\n",
       "        vertical-align: top;\n",
       "    }\n",
       "\n",
       "    .dataframe thead th {\n",
       "        text-align: right;\n",
       "    }\n",
       "</style>\n",
       "<table border=\"1\" class=\"dataframe\">\n",
       "  <thead>\n",
       "    <tr style=\"text-align: right;\">\n",
       "      <th></th>\n",
       "      <th>meanfreq</th>\n",
       "      <th>sd</th>\n",
       "      <th>median</th>\n",
       "      <th>Q25</th>\n",
       "      <th>Q75</th>\n",
       "      <th>IQR</th>\n",
       "      <th>skew</th>\n",
       "      <th>kurt</th>\n",
       "      <th>sp.ent</th>\n",
       "      <th>sfm</th>\n",
       "      <th>mode</th>\n",
       "      <th>centroid</th>\n",
       "      <th>meanfun</th>\n",
       "      <th>minfun</th>\n",
       "      <th>maxfun</th>\n",
       "      <th>meandom</th>\n",
       "      <th>mindom</th>\n",
       "      <th>maxdom</th>\n",
       "      <th>dfrange</th>\n",
       "      <th>modindx</th>\n",
       "    </tr>\n",
       "  </thead>\n",
       "  <tbody>\n",
       "    <tr>\n",
       "      <th>meanfreq</th>\n",
       "      <td>1.000000</td>\n",
       "      <td>-0.740862</td>\n",
       "      <td>0.924586</td>\n",
       "      <td>0.911905</td>\n",
       "      <td>0.739007</td>\n",
       "      <td>-0.631235</td>\n",
       "      <td>-0.326780</td>\n",
       "      <td>-0.320749</td>\n",
       "      <td>-0.604083</td>\n",
       "      <td>-0.785367</td>\n",
       "      <td>0.679604</td>\n",
       "      <td>1.000000</td>\n",
       "      <td>0.462932</td>\n",
       "      <td>0.385012</td>\n",
       "      <td>0.278198</td>\n",
       "      <td>0.545891</td>\n",
       "      <td>0.226595</td>\n",
       "      <td>0.527042</td>\n",
       "      <td>0.523053</td>\n",
       "      <td>-0.220620</td>\n",
       "    </tr>\n",
       "    <tr>\n",
       "      <th>sd</th>\n",
       "      <td>-0.740862</td>\n",
       "      <td>1.000000</td>\n",
       "      <td>-0.560907</td>\n",
       "      <td>-0.847997</td>\n",
       "      <td>-0.161680</td>\n",
       "      <td>0.875425</td>\n",
       "      <td>0.312513</td>\n",
       "      <td>0.345591</td>\n",
       "      <td>0.719952</td>\n",
       "      <td>0.839280</td>\n",
       "      <td>-0.525339</td>\n",
       "      <td>-0.740862</td>\n",
       "      <td>-0.465116</td>\n",
       "      <td>-0.347228</td>\n",
       "      <td>-0.137553</td>\n",
       "      <td>-0.486620</td>\n",
       "      <td>-0.355168</td>\n",
       "      <td>-0.487645</td>\n",
       "      <td>-0.481363</td>\n",
       "      <td>0.124858</td>\n",
       "    </tr>\n",
       "    <tr>\n",
       "      <th>median</th>\n",
       "      <td>0.924586</td>\n",
       "      <td>-0.560907</td>\n",
       "      <td>1.000000</td>\n",
       "      <td>0.772947</td>\n",
       "      <td>0.732444</td>\n",
       "      <td>-0.476844</td>\n",
       "      <td>-0.262364</td>\n",
       "      <td>-0.247859</td>\n",
       "      <td>-0.504098</td>\n",
       "      <td>-0.660801</td>\n",
       "      <td>0.665973</td>\n",
       "      <td>0.924586</td>\n",
       "      <td>0.421571</td>\n",
       "      <td>0.339869</td>\n",
       "      <td>0.255688</td>\n",
       "      <td>0.465587</td>\n",
       "      <td>0.187456</td>\n",
       "      <td>0.445599</td>\n",
       "      <td>0.442300</td>\n",
       "      <td>-0.217181</td>\n",
       "    </tr>\n",
       "    <tr>\n",
       "      <th>Q25</th>\n",
       "      <td>0.911905</td>\n",
       "      <td>-0.847997</td>\n",
       "      <td>0.772947</td>\n",
       "      <td>1.000000</td>\n",
       "      <td>0.475910</td>\n",
       "      <td>-0.875792</td>\n",
       "      <td>-0.317826</td>\n",
       "      <td>-0.349737</td>\n",
       "      <td>-0.651936</td>\n",
       "      <td>-0.767014</td>\n",
       "      <td>0.583868</td>\n",
       "      <td>0.911905</td>\n",
       "      <td>0.541910</td>\n",
       "      <td>0.318819</td>\n",
       "      <td>0.204395</td>\n",
       "      <td>0.472751</td>\n",
       "      <td>0.298141</td>\n",
       "      <td>0.465543</td>\n",
       "      <td>0.460275</td>\n",
       "      <td>-0.146938</td>\n",
       "    </tr>\n",
       "    <tr>\n",
       "      <th>Q75</th>\n",
       "      <td>0.739007</td>\n",
       "      <td>-0.161680</td>\n",
       "      <td>0.732444</td>\n",
       "      <td>0.475910</td>\n",
       "      <td>1.000000</td>\n",
       "      <td>0.007723</td>\n",
       "      <td>-0.217613</td>\n",
       "      <td>-0.158668</td>\n",
       "      <td>-0.172339</td>\n",
       "      <td>-0.378185</td>\n",
       "      <td>0.480454</td>\n",
       "      <td>0.739007</td>\n",
       "      <td>0.157915</td>\n",
       "      <td>0.262073</td>\n",
       "      <td>0.285877</td>\n",
       "      <td>0.370389</td>\n",
       "      <td>-0.025143</td>\n",
       "      <td>0.341331</td>\n",
       "      <td>0.341808</td>\n",
       "      <td>-0.216463</td>\n",
       "    </tr>\n",
       "    <tr>\n",
       "      <th>IQR</th>\n",
       "      <td>-0.631235</td>\n",
       "      <td>0.875425</td>\n",
       "      <td>-0.476844</td>\n",
       "      <td>-0.875792</td>\n",
       "      <td>0.007723</td>\n",
       "      <td>1.000000</td>\n",
       "      <td>0.241931</td>\n",
       "      <td>0.310564</td>\n",
       "      <td>0.646657</td>\n",
       "      <td>0.664525</td>\n",
       "      <td>-0.400164</td>\n",
       "      <td>-0.631235</td>\n",
       "      <td>-0.529475</td>\n",
       "      <td>-0.218660</td>\n",
       "      <td>-0.075497</td>\n",
       "      <td>-0.334231</td>\n",
       "      <td>-0.352781</td>\n",
       "      <td>-0.341984</td>\n",
       "      <td>-0.335732</td>\n",
       "      <td>0.048266</td>\n",
       "    </tr>\n",
       "    <tr>\n",
       "      <th>skew</th>\n",
       "      <td>-0.326780</td>\n",
       "      <td>0.312513</td>\n",
       "      <td>-0.262364</td>\n",
       "      <td>-0.317826</td>\n",
       "      <td>-0.217613</td>\n",
       "      <td>0.241931</td>\n",
       "      <td>1.000000</td>\n",
       "      <td>0.977111</td>\n",
       "      <td>-0.197473</td>\n",
       "      <td>0.080616</td>\n",
       "      <td>-0.435028</td>\n",
       "      <td>-0.326780</td>\n",
       "      <td>-0.167542</td>\n",
       "      <td>-0.218127</td>\n",
       "      <td>-0.080084</td>\n",
       "      <td>-0.334428</td>\n",
       "      <td>-0.060017</td>\n",
       "      <td>-0.302840</td>\n",
       "      <td>-0.301797</td>\n",
       "      <td>-0.165210</td>\n",
       "    </tr>\n",
       "    <tr>\n",
       "      <th>kurt</th>\n",
       "      <td>-0.320749</td>\n",
       "      <td>0.345591</td>\n",
       "      <td>-0.247859</td>\n",
       "      <td>-0.349737</td>\n",
       "      <td>-0.158668</td>\n",
       "      <td>0.310564</td>\n",
       "      <td>0.977111</td>\n",
       "      <td>1.000000</td>\n",
       "      <td>-0.129278</td>\n",
       "      <td>0.110918</td>\n",
       "      <td>-0.407479</td>\n",
       "      <td>-0.320749</td>\n",
       "      <td>-0.193899</td>\n",
       "      <td>-0.205262</td>\n",
       "      <td>-0.042962</td>\n",
       "      <td>-0.301858</td>\n",
       "      <td>-0.102946</td>\n",
       "      <td>-0.272653</td>\n",
       "      <td>-0.270844</td>\n",
       "      <td>-0.202704</td>\n",
       "    </tr>\n",
       "    <tr>\n",
       "      <th>sp.ent</th>\n",
       "      <td>-0.604083</td>\n",
       "      <td>0.719952</td>\n",
       "      <td>-0.504098</td>\n",
       "      <td>-0.651936</td>\n",
       "      <td>-0.172339</td>\n",
       "      <td>0.646657</td>\n",
       "      <td>-0.197473</td>\n",
       "      <td>-0.129278</td>\n",
       "      <td>1.000000</td>\n",
       "      <td>0.865195</td>\n",
       "      <td>-0.326759</td>\n",
       "      <td>-0.604083</td>\n",
       "      <td>-0.514488</td>\n",
       "      <td>-0.310217</td>\n",
       "      <td>-0.129183</td>\n",
       "      <td>-0.303971</td>\n",
       "      <td>-0.292655</td>\n",
       "      <td>-0.335252</td>\n",
       "      <td>-0.330070</td>\n",
       "      <td>0.198656</td>\n",
       "    </tr>\n",
       "    <tr>\n",
       "      <th>sfm</th>\n",
       "      <td>-0.785367</td>\n",
       "      <td>0.839280</td>\n",
       "      <td>-0.660801</td>\n",
       "      <td>-0.767014</td>\n",
       "      <td>-0.378185</td>\n",
       "      <td>0.664525</td>\n",
       "      <td>0.080616</td>\n",
       "      <td>0.110918</td>\n",
       "      <td>0.865195</td>\n",
       "      <td>1.000000</td>\n",
       "      <td>-0.482655</td>\n",
       "      <td>-0.785367</td>\n",
       "      <td>-0.420026</td>\n",
       "      <td>-0.367733</td>\n",
       "      <td>-0.201550</td>\n",
       "      <td>-0.435073</td>\n",
       "      <td>-0.287316</td>\n",
       "      <td>-0.443489</td>\n",
       "      <td>-0.438412</td>\n",
       "      <td>0.213238</td>\n",
       "    </tr>\n",
       "    <tr>\n",
       "      <th>mode</th>\n",
       "      <td>0.679604</td>\n",
       "      <td>-0.525339</td>\n",
       "      <td>0.665973</td>\n",
       "      <td>0.583868</td>\n",
       "      <td>0.480454</td>\n",
       "      <td>-0.400164</td>\n",
       "      <td>-0.435028</td>\n",
       "      <td>-0.407479</td>\n",
       "      <td>-0.326759</td>\n",
       "      <td>-0.482655</td>\n",
       "      <td>1.000000</td>\n",
       "      <td>0.679604</td>\n",
       "      <td>0.323629</td>\n",
       "      <td>0.385311</td>\n",
       "      <td>0.177438</td>\n",
       "      <td>0.488800</td>\n",
       "      <td>0.198347</td>\n",
       "      <td>0.478709</td>\n",
       "      <td>0.475219</td>\n",
       "      <td>-0.187832</td>\n",
       "    </tr>\n",
       "    <tr>\n",
       "      <th>centroid</th>\n",
       "      <td>1.000000</td>\n",
       "      <td>-0.740862</td>\n",
       "      <td>0.924586</td>\n",
       "      <td>0.911905</td>\n",
       "      <td>0.739007</td>\n",
       "      <td>-0.631235</td>\n",
       "      <td>-0.326780</td>\n",
       "      <td>-0.320749</td>\n",
       "      <td>-0.604083</td>\n",
       "      <td>-0.785367</td>\n",
       "      <td>0.679604</td>\n",
       "      <td>1.000000</td>\n",
       "      <td>0.462932</td>\n",
       "      <td>0.385012</td>\n",
       "      <td>0.278198</td>\n",
       "      <td>0.545891</td>\n",
       "      <td>0.226595</td>\n",
       "      <td>0.527042</td>\n",
       "      <td>0.523053</td>\n",
       "      <td>-0.220620</td>\n",
       "    </tr>\n",
       "    <tr>\n",
       "      <th>meanfun</th>\n",
       "      <td>0.462932</td>\n",
       "      <td>-0.465116</td>\n",
       "      <td>0.421571</td>\n",
       "      <td>0.541910</td>\n",
       "      <td>0.157915</td>\n",
       "      <td>-0.529475</td>\n",
       "      <td>-0.167542</td>\n",
       "      <td>-0.193899</td>\n",
       "      <td>-0.514488</td>\n",
       "      <td>-0.420026</td>\n",
       "      <td>0.323629</td>\n",
       "      <td>0.462932</td>\n",
       "      <td>1.000000</td>\n",
       "      <td>0.333194</td>\n",
       "      <td>0.317650</td>\n",
       "      <td>0.266232</td>\n",
       "      <td>0.161823</td>\n",
       "      <td>0.274266</td>\n",
       "      <td>0.271408</td>\n",
       "      <td>-0.051124</td>\n",
       "    </tr>\n",
       "    <tr>\n",
       "      <th>minfun</th>\n",
       "      <td>0.385012</td>\n",
       "      <td>-0.347228</td>\n",
       "      <td>0.339869</td>\n",
       "      <td>0.318819</td>\n",
       "      <td>0.262073</td>\n",
       "      <td>-0.218660</td>\n",
       "      <td>-0.218127</td>\n",
       "      <td>-0.205262</td>\n",
       "      <td>-0.310217</td>\n",
       "      <td>-0.367733</td>\n",
       "      <td>0.385311</td>\n",
       "      <td>0.385012</td>\n",
       "      <td>0.333194</td>\n",
       "      <td>1.000000</td>\n",
       "      <td>0.214185</td>\n",
       "      <td>0.365159</td>\n",
       "      <td>0.083439</td>\n",
       "      <td>0.305732</td>\n",
       "      <td>0.304273</td>\n",
       "      <td>0.012702</td>\n",
       "    </tr>\n",
       "    <tr>\n",
       "      <th>maxfun</th>\n",
       "      <td>0.278198</td>\n",
       "      <td>-0.137553</td>\n",
       "      <td>0.255688</td>\n",
       "      <td>0.204395</td>\n",
       "      <td>0.285877</td>\n",
       "      <td>-0.075497</td>\n",
       "      <td>-0.080084</td>\n",
       "      <td>-0.042962</td>\n",
       "      <td>-0.129183</td>\n",
       "      <td>-0.201550</td>\n",
       "      <td>0.177438</td>\n",
       "      <td>0.278198</td>\n",
       "      <td>0.317650</td>\n",
       "      <td>0.214185</td>\n",
       "      <td>1.000000</td>\n",
       "      <td>0.339172</td>\n",
       "      <td>-0.246637</td>\n",
       "      <td>0.357571</td>\n",
       "      <td>0.361993</td>\n",
       "      <td>-0.358745</td>\n",
       "    </tr>\n",
       "    <tr>\n",
       "      <th>meandom</th>\n",
       "      <td>0.545891</td>\n",
       "      <td>-0.486620</td>\n",
       "      <td>0.465587</td>\n",
       "      <td>0.472751</td>\n",
       "      <td>0.370389</td>\n",
       "      <td>-0.334231</td>\n",
       "      <td>-0.334428</td>\n",
       "      <td>-0.301858</td>\n",
       "      <td>-0.303971</td>\n",
       "      <td>-0.435073</td>\n",
       "      <td>0.488800</td>\n",
       "      <td>0.545891</td>\n",
       "      <td>0.266232</td>\n",
       "      <td>0.365159</td>\n",
       "      <td>0.339172</td>\n",
       "      <td>1.000000</td>\n",
       "      <td>0.085678</td>\n",
       "      <td>0.812031</td>\n",
       "      <td>0.810576</td>\n",
       "      <td>-0.180812</td>\n",
       "    </tr>\n",
       "    <tr>\n",
       "      <th>mindom</th>\n",
       "      <td>0.226595</td>\n",
       "      <td>-0.355168</td>\n",
       "      <td>0.187456</td>\n",
       "      <td>0.298141</td>\n",
       "      <td>-0.025143</td>\n",
       "      <td>-0.352781</td>\n",
       "      <td>-0.060017</td>\n",
       "      <td>-0.102946</td>\n",
       "      <td>-0.292655</td>\n",
       "      <td>-0.287316</td>\n",
       "      <td>0.198347</td>\n",
       "      <td>0.226595</td>\n",
       "      <td>0.161823</td>\n",
       "      <td>0.083439</td>\n",
       "      <td>-0.246637</td>\n",
       "      <td>0.085678</td>\n",
       "      <td>1.000000</td>\n",
       "      <td>0.013765</td>\n",
       "      <td>-0.004039</td>\n",
       "      <td>0.211971</td>\n",
       "    </tr>\n",
       "    <tr>\n",
       "      <th>maxdom</th>\n",
       "      <td>0.527042</td>\n",
       "      <td>-0.487645</td>\n",
       "      <td>0.445599</td>\n",
       "      <td>0.465543</td>\n",
       "      <td>0.341331</td>\n",
       "      <td>-0.341984</td>\n",
       "      <td>-0.302840</td>\n",
       "      <td>-0.272653</td>\n",
       "      <td>-0.335252</td>\n",
       "      <td>-0.443489</td>\n",
       "      <td>0.478709</td>\n",
       "      <td>0.527042</td>\n",
       "      <td>0.274266</td>\n",
       "      <td>0.305732</td>\n",
       "      <td>0.357571</td>\n",
       "      <td>0.812031</td>\n",
       "      <td>0.013765</td>\n",
       "      <td>1.000000</td>\n",
       "      <td>0.999842</td>\n",
       "      <td>-0.422670</td>\n",
       "    </tr>\n",
       "    <tr>\n",
       "      <th>dfrange</th>\n",
       "      <td>0.523053</td>\n",
       "      <td>-0.481363</td>\n",
       "      <td>0.442300</td>\n",
       "      <td>0.460275</td>\n",
       "      <td>0.341808</td>\n",
       "      <td>-0.335732</td>\n",
       "      <td>-0.301797</td>\n",
       "      <td>-0.270844</td>\n",
       "      <td>-0.330070</td>\n",
       "      <td>-0.438412</td>\n",
       "      <td>0.475219</td>\n",
       "      <td>0.523053</td>\n",
       "      <td>0.271408</td>\n",
       "      <td>0.304273</td>\n",
       "      <td>0.361993</td>\n",
       "      <td>0.810576</td>\n",
       "      <td>-0.004039</td>\n",
       "      <td>0.999842</td>\n",
       "      <td>1.000000</td>\n",
       "      <td>-0.426481</td>\n",
       "    </tr>\n",
       "    <tr>\n",
       "      <th>modindx</th>\n",
       "      <td>-0.220620</td>\n",
       "      <td>0.124858</td>\n",
       "      <td>-0.217181</td>\n",
       "      <td>-0.146938</td>\n",
       "      <td>-0.216463</td>\n",
       "      <td>0.048266</td>\n",
       "      <td>-0.165210</td>\n",
       "      <td>-0.202704</td>\n",
       "      <td>0.198656</td>\n",
       "      <td>0.213238</td>\n",
       "      <td>-0.187832</td>\n",
       "      <td>-0.220620</td>\n",
       "      <td>-0.051124</td>\n",
       "      <td>0.012702</td>\n",
       "      <td>-0.358745</td>\n",
       "      <td>-0.180812</td>\n",
       "      <td>0.211971</td>\n",
       "      <td>-0.422670</td>\n",
       "      <td>-0.426481</td>\n",
       "      <td>1.000000</td>\n",
       "    </tr>\n",
       "  </tbody>\n",
       "</table>\n",
       "</div>"
      ],
      "text/plain": [
       "          meanfreq        sd    median       Q25       Q75       IQR  \\\n",
       "meanfreq  1.000000 -0.740862  0.924586  0.911905  0.739007 -0.631235   \n",
       "sd       -0.740862  1.000000 -0.560907 -0.847997 -0.161680  0.875425   \n",
       "median    0.924586 -0.560907  1.000000  0.772947  0.732444 -0.476844   \n",
       "Q25       0.911905 -0.847997  0.772947  1.000000  0.475910 -0.875792   \n",
       "Q75       0.739007 -0.161680  0.732444  0.475910  1.000000  0.007723   \n",
       "IQR      -0.631235  0.875425 -0.476844 -0.875792  0.007723  1.000000   \n",
       "skew     -0.326780  0.312513 -0.262364 -0.317826 -0.217613  0.241931   \n",
       "kurt     -0.320749  0.345591 -0.247859 -0.349737 -0.158668  0.310564   \n",
       "sp.ent   -0.604083  0.719952 -0.504098 -0.651936 -0.172339  0.646657   \n",
       "sfm      -0.785367  0.839280 -0.660801 -0.767014 -0.378185  0.664525   \n",
       "mode      0.679604 -0.525339  0.665973  0.583868  0.480454 -0.400164   \n",
       "centroid  1.000000 -0.740862  0.924586  0.911905  0.739007 -0.631235   \n",
       "meanfun   0.462932 -0.465116  0.421571  0.541910  0.157915 -0.529475   \n",
       "minfun    0.385012 -0.347228  0.339869  0.318819  0.262073 -0.218660   \n",
       "maxfun    0.278198 -0.137553  0.255688  0.204395  0.285877 -0.075497   \n",
       "meandom   0.545891 -0.486620  0.465587  0.472751  0.370389 -0.334231   \n",
       "mindom    0.226595 -0.355168  0.187456  0.298141 -0.025143 -0.352781   \n",
       "maxdom    0.527042 -0.487645  0.445599  0.465543  0.341331 -0.341984   \n",
       "dfrange   0.523053 -0.481363  0.442300  0.460275  0.341808 -0.335732   \n",
       "modindx  -0.220620  0.124858 -0.217181 -0.146938 -0.216463  0.048266   \n",
       "\n",
       "              skew      kurt    sp.ent       sfm      mode  centroid  \\\n",
       "meanfreq -0.326780 -0.320749 -0.604083 -0.785367  0.679604  1.000000   \n",
       "sd        0.312513  0.345591  0.719952  0.839280 -0.525339 -0.740862   \n",
       "median   -0.262364 -0.247859 -0.504098 -0.660801  0.665973  0.924586   \n",
       "Q25      -0.317826 -0.349737 -0.651936 -0.767014  0.583868  0.911905   \n",
       "Q75      -0.217613 -0.158668 -0.172339 -0.378185  0.480454  0.739007   \n",
       "IQR       0.241931  0.310564  0.646657  0.664525 -0.400164 -0.631235   \n",
       "skew      1.000000  0.977111 -0.197473  0.080616 -0.435028 -0.326780   \n",
       "kurt      0.977111  1.000000 -0.129278  0.110918 -0.407479 -0.320749   \n",
       "sp.ent   -0.197473 -0.129278  1.000000  0.865195 -0.326759 -0.604083   \n",
       "sfm       0.080616  0.110918  0.865195  1.000000 -0.482655 -0.785367   \n",
       "mode     -0.435028 -0.407479 -0.326759 -0.482655  1.000000  0.679604   \n",
       "centroid -0.326780 -0.320749 -0.604083 -0.785367  0.679604  1.000000   \n",
       "meanfun  -0.167542 -0.193899 -0.514488 -0.420026  0.323629  0.462932   \n",
       "minfun   -0.218127 -0.205262 -0.310217 -0.367733  0.385311  0.385012   \n",
       "maxfun   -0.080084 -0.042962 -0.129183 -0.201550  0.177438  0.278198   \n",
       "meandom  -0.334428 -0.301858 -0.303971 -0.435073  0.488800  0.545891   \n",
       "mindom   -0.060017 -0.102946 -0.292655 -0.287316  0.198347  0.226595   \n",
       "maxdom   -0.302840 -0.272653 -0.335252 -0.443489  0.478709  0.527042   \n",
       "dfrange  -0.301797 -0.270844 -0.330070 -0.438412  0.475219  0.523053   \n",
       "modindx  -0.165210 -0.202704  0.198656  0.213238 -0.187832 -0.220620   \n",
       "\n",
       "           meanfun    minfun    maxfun   meandom    mindom    maxdom  \\\n",
       "meanfreq  0.462932  0.385012  0.278198  0.545891  0.226595  0.527042   \n",
       "sd       -0.465116 -0.347228 -0.137553 -0.486620 -0.355168 -0.487645   \n",
       "median    0.421571  0.339869  0.255688  0.465587  0.187456  0.445599   \n",
       "Q25       0.541910  0.318819  0.204395  0.472751  0.298141  0.465543   \n",
       "Q75       0.157915  0.262073  0.285877  0.370389 -0.025143  0.341331   \n",
       "IQR      -0.529475 -0.218660 -0.075497 -0.334231 -0.352781 -0.341984   \n",
       "skew     -0.167542 -0.218127 -0.080084 -0.334428 -0.060017 -0.302840   \n",
       "kurt     -0.193899 -0.205262 -0.042962 -0.301858 -0.102946 -0.272653   \n",
       "sp.ent   -0.514488 -0.310217 -0.129183 -0.303971 -0.292655 -0.335252   \n",
       "sfm      -0.420026 -0.367733 -0.201550 -0.435073 -0.287316 -0.443489   \n",
       "mode      0.323629  0.385311  0.177438  0.488800  0.198347  0.478709   \n",
       "centroid  0.462932  0.385012  0.278198  0.545891  0.226595  0.527042   \n",
       "meanfun   1.000000  0.333194  0.317650  0.266232  0.161823  0.274266   \n",
       "minfun    0.333194  1.000000  0.214185  0.365159  0.083439  0.305732   \n",
       "maxfun    0.317650  0.214185  1.000000  0.339172 -0.246637  0.357571   \n",
       "meandom   0.266232  0.365159  0.339172  1.000000  0.085678  0.812031   \n",
       "mindom    0.161823  0.083439 -0.246637  0.085678  1.000000  0.013765   \n",
       "maxdom    0.274266  0.305732  0.357571  0.812031  0.013765  1.000000   \n",
       "dfrange   0.271408  0.304273  0.361993  0.810576 -0.004039  0.999842   \n",
       "modindx  -0.051124  0.012702 -0.358745 -0.180812  0.211971 -0.422670   \n",
       "\n",
       "           dfrange   modindx  \n",
       "meanfreq  0.523053 -0.220620  \n",
       "sd       -0.481363  0.124858  \n",
       "median    0.442300 -0.217181  \n",
       "Q25       0.460275 -0.146938  \n",
       "Q75       0.341808 -0.216463  \n",
       "IQR      -0.335732  0.048266  \n",
       "skew     -0.301797 -0.165210  \n",
       "kurt     -0.270844 -0.202704  \n",
       "sp.ent   -0.330070  0.198656  \n",
       "sfm      -0.438412  0.213238  \n",
       "mode      0.475219 -0.187832  \n",
       "centroid  0.523053 -0.220620  \n",
       "meanfun   0.271408 -0.051124  \n",
       "minfun    0.304273  0.012702  \n",
       "maxfun    0.361993 -0.358745  \n",
       "meandom   0.810576 -0.180812  \n",
       "mindom   -0.004039  0.211971  \n",
       "maxdom    0.999842 -0.422670  \n",
       "dfrange   1.000000 -0.426481  \n",
       "modindx  -0.426481  1.000000  "
      ]
     },
     "execution_count": 4,
     "metadata": {},
     "output_type": "execute_result"
    }
   ],
   "source": [
    "df.corr()"
   ]
  },
  {
   "cell_type": "code",
   "execution_count": 3,
   "metadata": {},
   "outputs": [
    {
     "data": {
      "text/plain": [
       "<matplotlib.axes._subplots.AxesSubplot at 0x1c4bcbb9c88>"
      ]
     },
     "execution_count": 3,
     "metadata": {},
     "output_type": "execute_result"
    },
    {
     "data": {
